0.000000
0.000001
0.000004
0.000010
0.000017
0.000027
0.000039
0.000054
0.000071
0.000090
0.000112
0.000137
0.000164
0.000194
0.000226
0.000261
0.000299
0.000339
0.000382
0.000428
0.000477
0.000528
0.000582
0.000638
0.000697
0.000759
0.000824
0.000891
0.000960
0.001033
0.001107
0.001184
0.001264
0.001346
0.001430
0.001517
0.001606
0.001696
0.001789
0.001884
0.001981
0.002080
0.002181
0.002283
0.002387
0.002492
0.002599
0.002707
0.002817
0.002927
0.003039
0.003152
0.003265
0.003379
0.003494
0.003610
0.003726
0.003842
0.003959
0.004076
0.004192
0.004309
0.004426
0.004542
0.004658
0.004773
0.004888
0.005002
0.005115
0.005227
0.005338
0.005448
0.005557
0.005664
0.005770
0.005875
0.005978
0.006079
0.006178
0.006276
0.006371
0.006465
0.006556
0.006645
0.006732
0.006816
0.006898
0.006977
0.007054
0.007129
0.007200
0.007269
0.007335
0.007398
0.007459
0.007516
0.007571
0.007622
0.007671
0.007716
0.007758
0.007798
0.007834
0.007867
0.007897
0.007924
0.007947
0.007968
0.007985
0.008000
0.008011
0.008019
0.008024
0.008026
0.008025
0.008021
0.008014
0.008003
0.007990
0.007975
0.007956
0.007934
0.007910
0.007883
0.007853
0.007821
0.007786
0.007748
0.007708
0.007666
0.007621
0.007574
0.007525
0.007474
0.007420
0.007364
0.007307
0.007247
0.007186
0.007123
0.007058
0.006991
0.006923
0.006854
0.006783
0.006710
0.006637
0.006562
0.006486
0.006408
0.006330
0.006251
0.006171
0.006090
0.006009
0.005926
0.005843
0.005760
0.005676
0.005591
0.005507
0.005422
0.005336
0.005251
0.005165
0.005079
0.004994
0.004908
0.004822
0.004737
0.004652
0.004567
0.004482
0.004397
0.004313
0.004230
0.004147
0.004064
0.003982
0.003900
0.003819
0.003739
0.003660
0.003581
0.003503
0.003425
0.003349
0.003273
0.003198
0.003124
0.003051
0.002979
0.002907
0.002837
0.002768
0.002699
0.002632
0.002566
0.002500
0.002436
0.002373
0.002310
0.002249
0.002189
0.002130
0.002072
0.002015
0.001959
0.001904
0.001850
0.001798
0.001746
0.001695
0.001646
0.001597
0.001550
0.001503
0.001458
0.001413
0.001370
0.001327
0.001286
0.001245
0.001206
0.001167
0.001130
0.001093
0.001057
0.001023
0.000989
0.000956
0.000924
0.000892
0.000862
0.000832
0.000804
0.000776
0.000748
0.000722
0.000696
0.000671
0.000647
0.000624
0.000601
0.000579
0.000558
0.000537
0.000517
0.000497
0.000478
0.000460
0.000443
0.000426
0.000409
0.000393
0.000378
0.000363
0.000348
0.000334
0.000321
0.000308
0.000296
0.000283
0.000272
0.000261
0.000250
0.000239
0.000229
0.000220
0.000210
0.000201
0.000193
0.000184
0.000176
0.000169
0.000161
0.000154
0.000147
0.000141
0.000135
0.000128
0.000123
0.000117
0.000112
0.000107
0.000102
0.000097
0.000093
0.000088
0.000084
0.000080
0.000076
0.000073
0.000069
0.000066
0.000063
0.000060
0.000057
0.000054
0.000051
0.000049
0.000046
0.000044
0.000042
0.000040
0.000038
0.000036
0.000034
0.000032
0.000031
0.000029
0.000028
0.000026
0.000025
0.000023
0.000022
0.000021
0.000020
0.000019
0.000018
0.000017
0.000016
0.000015
0.000014
0.000014
0.000013
0.000012
0.000011
0.000011
0.000010
0.000010
0.000009
0.000009
0.000008
0.000008
0.000007
0.000007
0.000006
0.000006
0.000006
0.000005
0.000005
0.000005
0.000004
0.000004
0.000004
0.000004
0.000004
0.000003
0.000003
0.000003
0.000003
0.000003
0.000002
0.000002
0.000002
0.000002
0.000002
0.000002
0.000002
0.000002
0.000001
0.000001
0.000001
0.000001
0.000001
0.000001
0.000001
0.000001
0.000001
0.000001
0.000001
0.000001
0.000001
0.000001
0.000001
0.000001
0.000001
0.000000
0.000000
0.000000
0.000000
0.000000
0.000000
0.000000
0.000000
0.000000
0.000000
0.000000
0.000000
0.000000
0.000000
0.000000
0.000000
0.000000
0.000000
0.000000
0.000000
0.000000
0.000000
0.000000
0.000000
0.000000
0.000000
0.000000
0.000000
0.000000
0.000000
0.000000
0.000000
0.000000
0.000000
0.000000
0.000000
0.000000
0.000000
0.000000
0.000000
0.000000
0.000000
0.000000
0.000000
0.000000
0.000000
0.000000
0.000000
0.000000
0.000000
0.000000
0.000000
0.000000
0.000000
0.000000
0.000000
0.000000
0.000000
0.000000
0.000000
0.000000
0.000000
0.000000
0.000000
0.000000
0.000000
0.000000
0.000000
0.000000
0.000000
0.000000
0.000000
0.000000
0.000000
0.000000
0.000000
0.000000
0.000000
0.000000
0.000000
0.000000
0.000000
0.000000
0.000000
0.000000
0.000000
0.000000
0.000000
0.000000
0.000000
0.000000
0.000000
0.000000
0.000000
0.000000
0.000000
0.000000
0.000000
0.000000
0.000000
0.000000
0.000000
0.000000
0.000000
0.000000
0.000000
0.000000
0.000000
0.000000
0.000000
0.000000
0.000000
0.000000
0.000000
0.000000
0.000000
0.000000
0.000000
0.000000
0.000000
0.000000
0.000000
