0.000000
0.001176
0.004762
0.010649
0.018479
0.027684
0.037555
0.047318
0.056226
0.063633
0.069055
0.072206
0.073010
0.071582
0.068196
0.063241
0.057164
0.050420
0.043438
0.036581
0.030134
0.024295
0.019181
0.014835
0.011245
0.008356
0.006089
0.004352
0.003052
0.002101
0.001419
0.000941
0.000613
0.000392
0.000246
0.000152
0.000092
0.000055
0.000032
0.000018
0.000010
0.000006
0.000003
0.000002
0.000001
0.000000
0.000000
0.000000
0.000000
0.000000
0.000000
0.000000
0.000000
0.000000
0.000000
0.000000
0.000000
0.000000
0.000000
0.000000
0.000000
0.000000
0.000000
0.000000
0.000000
0.000000
0.000000
0.000000
0.000000
0.000000
0.000000
0.000000
0.000000
0.000000
0.000000
0.000000
0.000000
0.000000
0.000000
0.000000
0.000000
0.000000
0.000000
0.000000
0.000000
0.000000
0.000000
0.000000
0.000000
0.000000
0.000000
0.000000
0.000000
0.000000
0.000000
0.000000
0.000000
0.000000
0.000000
0.000000
