0.000000
0.000000
0.000001
0.000002
0.000004
0.000007
0.000010
0.000014
0.000018
0.000023
0.000029
0.000035
0.000042
0.000050
0.000059
0.000068
0.000078
0.000089
0.000100
0.000112
0.000125
0.000139
0.000154
0.000169
0.000185
0.000202
0.000220
0.000239
0.000258
0.000278
0.000300
0.000322
0.000344
0.000368
0.000393
0.000418
0.000444
0.000471
0.000499
0.000528
0.000558
0.000588
0.000620
0.000652
0.000685
0.000719
0.000753
0.000789
0.000825
0.000862
0.000900
0.000939
0.000978
0.001018
0.001059
0.001101
0.001143
0.001186
0.001230
0.001275
0.001320
0.001366
0.001412
0.001459
0.001507
0.001556
0.001604
0.001654
0.001704
0.001754
0.001805
0.001857
0.001909
0.001961
0.002014
0.002068
0.002121
0.002175
0.002229
0.002284
0.002339
0.002394
0.002450
0.002505
0.002561
0.002617
0.002673
0.002729
0.002786
0.002842
0.002899
0.002955
0.003011
0.003068
0.003124
0.003181
0.003237
0.003293
0.003349
0.003404
0.003460
0.003515
0.003570
0.003625
0.003679
0.003733
0.003787
0.003840
0.003893
0.003946
0.003998
0.004049
0.004100
0.004151
0.004201
0.004250
0.004299
0.004347
0.004395
0.004442
0.004488
0.004533
0.004578
0.004622
0.004666
0.004708
0.004750
0.004791
0.004831
0.004870
0.004909
0.004946
0.004983
0.005019
0.005054
0.005087
0.005120
0.005152
0.005183
0.005214
0.005243
0.005271
0.005298
0.005324
0.005349
0.005373
0.005396
0.005418
0.005439
0.005458
0.005477
0.005495
0.005511
0.005527
0.005541
0.005555
0.005567
0.005578
0.005588
0.005597
0.005605
0.005612
0.005618
0.005623
0.005626
0.005629
0.005631
0.005631
0.005631
0.005629
0.005626
0.005623
0.005618
0.005612
0.005605
0.005598
0.005589
0.005579
0.005568
0.005557
0.005544
0.005530
0.005516
0.005501
0.005484
0.005467
0.005449
0.005430
0.005410
0.005389
0.005368
0.005345
0.005322
0.005298
0.005274
0.005248
0.005222
0.005195
0.005167
0.005139
0.005110
0.005080
0.005050
0.005019
0.004988
0.004955
0.004923
0.004889
0.004855
0.004821
0.004786
0.004751
0.004715
0.004679
0.004642
0.004605
0.004567
0.004529
0.004491
0.004452
0.004413
0.004373
0.004334
0.004294
0.004253
0.004213
0.004172
0.004131
0.004090
0.004048
0.004007
0.003965
0.003923
0.003881
0.003839
0.003797
0.003754
0.003712
0.003669
0.003627
0.003584
0.003542
0.003499
0.003457
0.003414
0.003372
0.003329
0.003287
0.003245
0.003202
0.003160
0.003118
0.003076
0.003035
0.002993
0.002952
0.002910
0.002869
0.002828
0.002787
0.002747
0.002707
0.002666
0.002627
0.002587
0.002548
0.002508
0.002470
0.002431
0.002393
0.002355
0.002317
0.002279
0.002242
0.002205
0.002169
0.002132
0.002096
0.002061
0.002026
0.001991
0.001956
0.001922
0.001888
0.001854
0.001821
0.001788
0.001756
0.001724
0.001692
0.001660
0.001629
0.001599
0.001568
0.001538
0.001509
0.001480
0.001451
0.001422
0.001394
0.001367
0.001339
0.001312
0.001286
0.001259
0.001234
0.001208
0.001183
0.001158
0.001134
0.001110
0.001086
0.001063
0.001040
0.001018
0.000995
0.000974
0.000952
0.000931
0.000910
0.000890
0.000870
0.000850
0.000830
0.000811
0.000793
0.000774
0.000756
0.000738
0.000721
0.000704
0.000687
0.000671
0.000654
0.000639
0.000623
0.000608
0.000593
0.000578
0.000564
0.000550
0.000536
0.000522
0.000509
0.000496
0.000483
0.000471
0.000459
0.000447
0.000435
0.000424
0.000412
0.000401
0.000391
0.000380
0.000370
0.000360
0.000350
0.000341
0.000331
0.000322
0.000313
0.000304
0.000296
0.000288
0.000279
0.000271
0.000264
0.000256
0.000249
0.000242
0.000235
0.000228
0.000221
0.000214
0.000208
0.000202
0.000196
0.000190
0.000184
0.000179
0.000173
0.000168
0.000163
0.000158
0.000153
0.000148
0.000143
0.000139
0.000134
0.000130
0.000126
0.000122
0.000118
0.000114
0.000110
0.000107
0.000103
0.000100
0.000097
0.000093
0.000090
0.000087
0.000084
0.000081
0.000078
0.000076
0.000073
0.000071
0.000068
0.000066
0.000063
0.000061
0.000059
0.000057
0.000055
0.000053
0.000051
0.000049
0.000047
0.000045
0.000044
0.000042
0.000040
0.000039
0.000037
0.000036
0.000034
0.000033
0.000032
0.000030
0.000029
0.000028
0.000027
0.000026
0.000025
0.000024
0.000023
0.000022
0.000021
0.000020
0.000019
0.000018
0.000017
0.000016
0.000016
0.000015
0.000014
0.000014
0.000013
0.000012
0.000012
0.000011
0.000011
0.000010
0.000009
0.000009
0.000008
0.000008
0.000008
0.000007
0.000007
0.000006
0.000006
0.000006
0.000005
0.000005
0.000005
0.000004
0.000004
0.000004
0.000003
0.000003
0.000003
0.000003
0.000002
0.000002
0.000002
0.000002
0.000002
0.000002
0.000001
0.000001
0.000001
0.000001
0.000001
0.000001
0.000001
0.000001
0.000000
0.000000
0.000000
0.000000
0.000000
0.000000
0.000000
0.000000
0.000000
0.000000
0.000000
