0.000000
0.000000
0.000000
0.000000
0.000001
0.000001
0.000001
0.000002
0.000002
0.000003
0.000004
0.000004
0.000005
0.000006
0.000007
0.000009
0.000010
0.000011
0.000013
0.000014
0.000016
0.000018
0.000020
0.000022
0.000024
0.000026
0.000029
0.000031
0.000034
0.000036
0.000039
0.000042
0.000045
0.000049
0.000052
0.000055
0.000059
0.000063
0.000067
0.000071
0.000075
0.000080
0.000084
0.000089
0.000094
0.000099
0.000104
0.000109
0.000115
0.000120
0.000126
0.000132
0.000138
0.000145
0.000151
0.000158
0.000164
0.000172
0.000179
0.000186
0.000194
0.000201
0.000209
0.000217
0.000226
0.000234
0.000243
0.000252
0.000261
0.000270
0.000279
0.000289
0.000299
0.000309
0.000319
0.000330
0.000340
0.000351
0.000362
0.000373
0.000385
0.000396
0.000408
0.000420
0.000433
0.000445
0.000458
0.000471
0.000484
0.000497
0.000510
0.000524
0.000538
0.000552
0.000567
0.000581
0.000596
0.000611
0.000626
0.000641
0.000657
0.000673
0.000689
0.000705
0.000722
0.000738
0.000755
0.000772
0.000789
0.000807
0.000825
0.000842
0.000860
0.000879
0.000897
0.000916
0.000935
0.000954
0.000973
0.000993
0.001012
0.001032
0.001052
0.001072
0.001093
0.001113
0.001134
0.001155
0.001176
0.001197
0.001219
0.001241
0.001262
0.001284
0.001307
0.001329
0.001351
0.001374
0.001397
0.001420
0.001443
0.001466
0.001490
0.001513
0.001537
0.001561
0.001585
0.001609
0.001633
0.001657
0.001682
0.001707
0.001731
0.001756
0.001781
0.001806
0.001831
0.001857
0.001882
0.001907
0.001933
0.001959
0.001984
0.002010
0.002036
0.002062
0.002088
0.002114
0.002140
0.002166
0.002193
0.002219
0.002245
0.002272
0.002298
0.002324
0.002351
0.002377
0.002404
0.002430
0.002457
0.002483
0.002510
0.002536
0.002563
0.002589
0.002616
0.002642
0.002669
0.002695
0.002721
0.002748
0.002774
0.002800
0.002826
0.002852
0.002878
0.002904
0.002930
0.002956
0.002981
0.003007
0.003032
0.003058
0.003083
0.003108
0.003133
0.003158
0.003183
0.003208
0.003232
0.003257
0.003281
0.003305
0.003329
0.003353
0.003376
0.003400
0.003423
0.003446
0.003469
0.003491
0.003514
0.003536
0.003558
0.003580
0.003602
0.003623
0.003644
0.003665
0.003686
0.003706
0.003727
0.003747
0.003766
0.003786
0.003805
0.003824
0.003843
0.003861
0.003879
0.003897
0.003914
0.003932
0.003949
0.003965
0.003981
0.003997
0.004013
0.004028
0.004044
0.004058
0.004073
0.004087
0.004100
0.004114
0.004127
0.004139
0.004152
0.004164
0.004175
0.004186
0.004197
0.004208
0.004218
0.004228
0.004237
0.004246
0.004254
0.004263
0.004270
0.004278
0.004285
0.004291
0.004298
0.004303
0.004309
0.004314
0.004318
0.004323
0.004326
0.004330
0.004333
0.004335
0.004337
0.004339
0.004340
0.004341
0.004341
0.004341
0.004341
0.004340
0.004338
0.004337
0.004334
0.004332
0.004329
0.004325
0.004321
0.004317
0.004312
0.004307
0.004301
0.004295
0.004288
0.004281
0.004274
0.004266
0.004258
0.004249
0.004240
0.004230
0.004221
0.004210
0.004199
0.004188
0.004176
0.004164
0.004152
0.004139
0.004125
0.004112
0.004097
0.004083
0.004068
0.004052
0.004037
0.004021
0.004004
0.003987
0.003970
0.003952
0.003934
0.003915
0.003896
0.003877
0.003857
0.003837
0.003817
0.003796
0.003775
0.003754
0.003732
0.003710
0.003687
0.003664
0.003641
0.003618
0.003594
0.003570
0.003545
0.003521
0.003496
0.003470
0.003445
0.003419
0.003393
0.003366
0.003339
0.003312
0.003285
0.003258
0.003230
0.003202
0.003174
0.003145
0.003116
0.003088
0.003058
0.003029
0.002999
0.002970
0.002940
0.002910
0.002879
0.002849
0.002818
0.002788
0.002757
0.002726
0.002694
0.002663
0.002632
0.002600
0.002568
0.002537
0.002505
0.002473
0.002441
0.002409
0.002376
0.002344
0.002312
0.002279
0.002247
0.002215
0.002182
0.002150
0.002117
0.002085
0.002052
0.002020
0.001988
0.001955
0.001923
0.001891
0.001858
0.001826
0.001794
0.001762
0.001730
0.001698
0.001666
0.001635
0.001603
0.001572
0.001540
0.001509
0.001478
0.001447
0.001417
0.001386
0.001356
0.001325
0.001295
0.001265
0.001236
0.001206
0.001177
0.001148
0.001119
0.001091
0.001062
0.001034
0.001006
0.000979
0.000951
0.000924
0.000898
0.000871
0.000845
0.000819
0.000793
0.000768
0.000743
0.000719
0.000694
0.000670
0.000647
0.000623
0.000600
0.000578
0.000556
0.000534
0.000512
0.000491
0.000470
0.000450
0.000430
0.000411
0.000392
0.000373
0.000355
0.000337
0.000319
0.000302
0.000286
0.000269
0.000254
0.000238
0.000224
0.000209
0.000195
0.000182
0.000169
0.000156
0.000144
0.000132
0.000121
0.000111
0.000100
0.000091
0.000081
0.000073
0.000064
0.000057
0.000049
0.000043
0.000036
0.000031
0.000025
0.000020
0.000016
0.000012
0.000009
0.000006
0.000004
0.000002
0.000001
0.000000
