0.000140
0.000559
0.001247
0.002193
0.003379
0.004784
0.006380
0.008141
0.010033
0.012024
0.014079
0.016164
0.018242
0.020281
0.022248
0.024113
0.025849
0.027432
0.028841
0.030060
0.031075
0.031878
0.032464
0.032832
0.032984
0.032926
0.032668
0.032220
0.031597
0.030815
0.029890
0.028841
0.027687
0.026446
0.025137
0.023778
0.022386
0.020978
0.019570
0.018174
0.016803
0.015468
0.014177
0.012939
0.011759
0.010643
0.009593
0.008611
0.007698
0.006855
0.006079
0.005370
0.004726
0.004142
0.003616
0.003145
0.002725
0.002352
0.002023
0.001733
0.001479
0.001257
0.001065
0.000899
0.000756
0.000633
0.000529
0.000440
0.000364
0.000301
0.000247
0.000203
0.000166
0.000135
0.000109
0.000088
0.000071
0.000057
0.000045
0.000036
0.000029
0.000023
0.000018
0.000014
0.000011
0.000008
0.000006
0.000005
0.000004
0.000003
0.000002
0.000002
0.000001
0.000001
0.000001
0.000000
0.000000
0.000000
0.000000
0.000000
